115,138,1
130,138,1
174,140,1
180,140,1
174,148,1
178,149,1
116,139,2
130,147,2
176,144,4
151,144,5
172,143,5
120,148,5
115,152,1
162,172,1
115,168,1
115,160,1
162,167,1
140,160,2
119,168,4
70,209,1
115,184,1
115,199,1
115,191,1
116,199,2
117,206,3
117,200,3
163,183,1
163,187,1
165,194,1
190,209,1
190,200,1
182,193,2
164,193,2
118,204,5
182,191,3
217,206,4
12,240,1
116,223,1
163,225,1
163,237,1
163,229,1
163,233,1
190,229,1
190,234,1
190,213,1
190,221,1
190,238,1
190,225,1
282,220,1
117,224,3
117,215,3
427,240,1
716,239,2
82,243,1
104,270,1
76,269,1
133,241,1
163,241,1
163,254,1
163,250,1
163,258,1
163,270,1
190,242,1
190,246,1
190,250,1
190,270,1
190,258,1
190,254,1
223,262,1
76,270,2
244,254,1
231,256,2
247,247,2
246,263,2
106,269,3
296,269,1
245,248,3
329,264,1
308,260,1
323,268,1
310,268,1
314,242,1
91,248,5
117,247,5
309,267,2
334,268,1
338,252,1
332,241,1
245,250,4
303,247,2
317,268,2
358,258,1
320,258,2
377,244,1
309,258,2
392,267,1
408,243,1
393,244,1
225,255,5
437,241,1
461,241,1
481,259,1
502,256,1
341,260,2
505,245,1
242,249,5
333,267,2
385,245,2
305,247,3
329,244,3
332,242,2
311,266,3
515,244,1
394,245,2
553,267,1
545,245,1
556,246,1
426,241,2
480,257,2
476,244,2
503,255,2
373,245,3
377,246,3
312,264,4
342,244,3
357,245,3
332,266,3
393,246,3
538,263,2
529,264,2
537,246,2
406,245,3
424,242,3
545,246,2
462,243,3
465,245,3
451,244,3
679,251,1
311,247,5
415,257,4
528,248,3
578,251,3
429,258,4
553,265,3
700,251,1
558,248,3
692,250,1
716,249,1
480,249,4
468,257,4
679,252,2
364,248,5
343,246,5
420,247,5
408,248,5
394,249,5
442,247,5
475,249,5
506,250,5
560,264,4
662,253,3
679,253,3
669,253,3
600,249,5
576,252,5
735,266,1
537,249,5
634,254,5
766,270,1
728,247,2
666,255,5
755,264,2
766,269,2
28,300,1
33,300,1
697,257,5
716,256,5
718,268,5
81,287,1
74,285,1
91,290,1
756,263,3
739,259,4
30,300,2
90,289,2
74,284,2
82,287,2
735,258,5
832,263,5
76,271,3
93,272,3
766,262,5
862,262,5
892,262,5
912,263,5
937,263,5
88,287,4
92,275,4
238,277,1
228,273,1
233,273,1
190,279,1
190,275,1
190,287,1
190,291,1
190,299,1
190,295,1
190,283,1
79,277,5
338,284,1
305,279,1
345,296,1
327,300,1
387,284,1
389,279,1
417,296,1
346,291,2
306,294,2
463,276,1
457,298,1
306,279,2
416,296,2
533,280,1
529,288,1
529,300,1
547,274,1
559,299,1
546,299,1
548,291,1
558,277,1
336,281,3
553,292,1
541,300,1
552,300,1
464,275,2
456,299,2
307,281,3
307,293,3
586,285,1
578,285,1
575,298,1
579,293,1
593,284,1
527,298,2
331,299,4
545,278,2
568,279,2
562,289,2
553,290,2
559,300,2
550,300,2
465,274,3
442,298,4
580,294,2
587,284,2
401,299,4
593,283,2
310,287,5
330,296,5
236,277,6
570,278,3
557,288,3
643,279,1
343,290,6
343,295,6
661,294,1
684,281,1
669,294,1
589,283,3
676,299,1
696,282,1
703,282,1
693,294,1
696,287,1
606,283,2
649,292,2
643,278,2
732,300,1
727,278,1
726,294,1
780,277,1
589,281,4
766,297,1
684,280,2
576,281,4
774,297,1
675,295,2
782,295,1
796,294,1
710,294,2
868,295,1
650,293,3
895,289,1
883,289,1
884,296,1
747,300,2
781,276,2
902,297,1
908,298,1
937,299,1
708,295,3
699,296,3
640,276,4
25,312,1
746,299,3
782,276,3
928,300,2
919,299,2
956,279,2
951,291,2
954,280,2
708,297,4
820,299,3
32,312,1
46,311,1
53,311,1
39,311,1
723,272,4
794,280,4
784,275,4
920,300,3
694,298,5
811,282,4
830,282,4
897,286,4
61,303,1
89,326,1
88,302,1
82,327,1
68,327,1
75,327,1
101,327,1
101,312,1
911,285,4
938,284,4
134,329,1
163,316,1
202,310,1
218,320,1
217,315,1
305,330,1
305,302,1
328,308,1
202,311,2
193,307,2
333,309,1
354,315,1
305,329,2
305,320,2
210,308,3
196,329,3
437,303,1
434,323,1
426,309,1
445,325,1
473,327,1
454,317,1
459,317,1
380,310,2
99,312,6
99,327,6
99,317,6
99,320,6
99,324,6
198,323,5
333,307,4
479,327,2
502,315,1
496,313,1
525,316,1
380,307,4
216,319,6
303,321,6
303,329,6
303,302,6
544,315,1
568,302,1
561,310,1
489,326,2
498,324,2
588,316,1
586,328,1
576,323,1
519,303,2
511,319,2
536,314,2
618,312,1
632,312,1
702,312,1
681,328,1
675,328,1
701,324,1
698,330,1
715,330,1
665,309,1
675,317,1
736,320,1
736,316,1
727,306,1
737,310,1
748,301,1
545,314,2
554,315,2
566,316,2
543,301,2
499,323,3
576,322,2
522,314,3
755,302,1
480,329,5
784,324,1
804,324,1
796,321,1
789,329,1
795,329,1
637,310,2
692,314,2
713,301,2
675,329,2
664,317,2
727,308,2
724,329,2
736,319,2
543,303,3
738,301,2
557,302,3
733,301,2
501,321,4
856,319,1
847,303,1
863,316,1
858,305,1
820,324,1
833,301,1
849,316,1
858,324,1
523,314,4
797,330,2
797,305,2
784,323,2
665,306,3
701,328,3
543,312,4
729,308,3
502,316,5
577,320,4
890,303,1
871,328,1
879,303,1
876,328,1
898,303,1
865,305,2
523,309,5
798,306,3
718,319,4
544,309,5
734,316,4
603,305,5
576,314,5
871,320,2
875,327,2
879,304,2
802,330,4
702,330,5
715,319,5
731,310,5
839,315,4
818,313,4
872,305,3
872,321,3
789,316,5
18,337,1
26,337,1
25,345,1
48,350,1
34,340,1
869,308,5
80,350,1
88,350,1
97,349,1
76,351,1
949,301,2
955,301,2
146,339,1
151,350,1
172,334,1
206,337,1
194,347,1
211,357,1
222,354,1
198,332,1
228,349,1
231,331,1
218,355,1
66,353,2
78,351,2
253,339,1
266,350,1
252,353,1
27,349,3
926,302,4
293,343,1
273,352,1
198,331,2
109,338,3
302,352,1
310,352,1
313,352,1
326,353,1
327,359,1
274,352,2
280,357,2
353,344,1
359,344,1
329,334,2
44,357,5
213,336,4
358,335,2
178,351,5
307,338,3
382,355,1
387,355,1
407,354,1
413,354,1
418,354,1
392,355,1
397,355,1
209,331,5
74,350,6
443,352,1
438,353,1
447,352,1
428,353,1
433,353,1
441,342,1
473,350,1
468,333,1
475,334,1
482,334,1
490,334,1
453,344,1
463,339,1
460,332,1
452,352,1
466,351,1
457,352,1
487,344,1
498,335,1
504,360,1
511,360,1
517,360,1
584,333,1
426,341,2
482,344,2
485,344,2
473,346,2
473,349,2
617,358,1
619,336,1
606,344,1
612,344,1
630,335,1
555,360,2
656,347,1
511,359,2
686,354,1
681,331,1
679,339,1
326,334,6
438,340,3
696,354,1
703,354,1
696,342,1
707,347,1
707,331,1
709,355,1
715,355,1
701,343,1
707,337,1
696,337,1
701,337,1
473,347,3
556,360,3
679,338,2
731,356,1
740,360,1
723,355,1
594,343,3
755,348,1
755,358,1
768,347,1
762,359,1
695,355,2
706,345,2
710,356,2
683,356,3
666,331,3
723,356,2
647,339,4
560,360,5
711,357,3
705,344,3
693,356,3
809,357,1
807,345,1
782,354,1
798,349,1
799,356,1
793,352,1
783,344,1
813,344,1
822,344,1
676,335,4
837,338,1
833,359,1
821,334,1
721,357,3
741,360,3
705,342,4
590,342,6
876,334,1
884,335,1
783,343,2
809,356,2
804,333,2
797,350,2
806,346,2
685,358,5
670,334,5
839,357,2
838,339,2
19,362,1
26,377,1
848,335,2
40,365,1
83,362,1
66,364,1
885,336,2
797,351,3
804,332,3
98,386,1
98,389,1
17,366,2
41,365,2
83,363,2
176,388,1
96,363,2
161,379,1
153,370,1
160,386,1
183,373,1
209,387,1
231,383,1
218,363,1
218,376,1
222,376,1
211,366,1
211,362,1
874,345,4
802,335,6
8,363,4
26,363,4
95,364,3
210,380,2
183,379,2
819,334,6
220,378,2
45,362,4
871,341,5
262,387,1
268,387,1
255,388,1
241,385,1
255,382,1
163,361,3
184,378,3
210,381,3
292,379,1
292,370,1
296,362,1
274,386,1
286,388,1
280,386,1
320,379,1
319,361,1
305,361,1
314,388,1
318,372,1
326,372,1
17,362,6
342,390,1
333,372,1
341,372,1
156,384,4
157,373,4
293,371,2
366,368,1
377,383,1
365,375,1
375,364,1
293,377,2
366,362,1
366,381,1
390,385,1
406,383,1
415,383,1
397,384,1
318,371,2
312,379,2
304,388,2
186,376,5
422,383,1
499,379,1
504,378,1
468,380,1
470,362,1
489,379,1
473,390,1
474,380,1
475,362,1
495,379,1
503,367,1
479,380,1
465,362,1
480,362,1
484,380,1
507,384,1
496,361,1
486,361,1
491,361,1
332,364,2
463,381,1
155,375,5
294,376,3
511,372,1
517,372,1
527,385,1
511,378,1
517,378,1
511,366,1
517,366,1
309,377,3
216,377,6
557,368,1
554,375,1
564,381,1
341,368,3
526,385,2
597,376,1
319,369,4
309,376,4
578,362,1
629,384,1
612,378,1
620,381,1
626,365,1
630,365,1
647,368,1
657,388,1
643,389,1
340,368,4
642,367,1
653,383,1
546,385,2
297,373,5
526,386,3
588,372,2
284,389,6
658,387,2
404,384,6
420,384,6
674,366,1
666,367,1
589,372,3
616,365,3
561,362,4
644,390,3
634,369,3
739,366,1
773,387,1
781,361,1
810,369,1
824,372,1
822,365,1
817,371,1
838,377,1
829,366,1
831,375,1
835,366,1
843,367,1
845,379,1
870,383,1
850,368,1
869,370,1
867,390,1
859,369,1
862,385,1
878,371,1
885,371,1
893,372,1
886,382,1
894,382,1
718,370,2
661,388,3
664,370,3
615,367,5
593,374,5
917,375,1
925,375,1
918,383,1
902,382,1
910,382,1
901,373,1
909,374,1
822,366,2
636,370,5
869,371,2
842,368,2
859,370,2
953,387,1
933,376,1
957,379,1
941,377,1
944,385,1
949,378,1
765,361,3
23,407,1
30,407,1
816,367,3
811,366,3
824,368,3
869,373,3
941,378,2
53,405,1
46,406,1
36,406,1
72,417,1
66,404,1
81,403,1
67,420,1
88,396,1
119,399,1
96,419,1
107,400,1
113,400,1
941,379,3
83,419,2
128,405,1
143,398,1
120,399,2
134,415,1
139,404,1
126,399,1
131,399,1
100,397,2
737,366,6
744,366,6
180,393,1
868,383,6
868,379,6
185,393,1
182,418,1
203,406,1
191,414,1
229,417,1
213,410,1
283,402,1
272,392,1
292,393,1
232,392,1
275,413,1
278,393,1
230,408,1
276,403,1
236,391,1
261,393,1
258,404,1
154,396,2
315,398,1
310,391,1
325,391,1
346,393,1
338,392,1
228,417,2
214,409,2
238,418,2
364,393,1
224,406,2
363,412,1
229,407,2
234,392,2
388,407,1
279,394,2
259,405,2
282,403,2
170,405,3
392,394,1
406,394,1
399,394,1
206,409,3
383,393,2
213,409,3
247,419,3
261,407,3
94,419,6
492,410,1
536,409,1
529,410,1
418,393,3
152,395,6
260,412,5
317,419,5
245,417,5
213,411,5
438,392,3
554,400,1
339,418,5
379,391,5
365,416,5
595,404,1
613,396,1
610,391,1
535,410,3
416,396,5
439,395,5
760,399,1
611,391,2
534,412,4
768,414,2
845,410,1
862,391,1
869,415,1
856,414,1
831,409,1
851,412,1
821,407,1
550,393,5
892,419,1
884,417,1
900,420,1
876,416,1
765,402,3
848,399,2
665,392,5
870,402,3
858,415,3
54,433,1
32,435,1
85,430,1
75,421,1
66,441,1
108,434,1
126,435,1
145,439,1
33,435,2
114,436,1
53,433,2
161,447,1
151,442,1
192,447,1
861,416,5
197,421,1
66,442,2
213,429,1
215,423,1
222,428,1
139,426,2
91,438,2
136,435,2
150,442,2
113,425,2
160,447,2
123,429,2
296,421,1
277,426,1
247,421,2
158,448,3
139,438,3
124,430,3
30,435,6
157,450,4
120,430,5
73,421,6
61,432,6
150,447,5
113,430,6
213,423,6
132,435,6
911,427,1
917,422,1
909,421,1
938,432,1
860,429,2
936,425,1
944,426,1
953,428,1
955,434,1
946,433,1
928,425,2
929,432,2
928,426,3
199,454,1
197,465,1
193,462,1
928,428,4
209,471,1
204,456,1
237,466,1
223,479,1
216,475,1
216,458,1
251,473,1
258,477,1
244,469,1
268,472,1
957,432,4
198,466,2
222,479,2
216,476,2
203,470,3
309,479,1
292,480,2
213,476,3
311,478,2
293,479,3
313,475,4
876,468,1
940,451,1
927,474,2
929,475,3
944,475,4
929,478,4
