492,103,1
556,102,1
549,109,1
549,101,1
494,111,3
551,105,4
496,110,5
491,144,1
491,122,1
491,137,1
491,129,1
538,142,1
516,121,1
537,132,1
537,128,1
515,121,2
558,144,2
557,149,3
495,129,4
494,144,5
493,131,5
217,154,1
231,177,1
180,168,1
192,169,1
217,166,2
218,166,3
190,172,4
189,179,4
491,158,1
491,151,1
490,180,1
565,178,1
565,170,1
565,158,1
565,166,1
539,152,2
557,151,2
592,178,4
493,164,5
493,179,5
662,175,1
590,172,5
59,194,1
84,203,1
73,203,1
105,203,1
84,197,1
74,197,1
96,202,2
105,202,2
115,186,2
120,186,2
115,203,2
84,198,2
84,202,2
73,202,2
47,192,3
83,199,3
118,187,3
106,201,3
96,201,3
61,194,3
130,204,1
145,195,1
137,206,1
45,205,4
157,195,1
9,197,5
234,183,1
222,182,1
234,194,1
214,186,1
229,201,1
77,200,4
107,200,4
246,183,1
252,183,1
262,182,1
146,197,2
124,203,2
136,186,2
44,196,5
190,181,2
377,199,1
117,192,5
394,196,1
135,187,3
147,200,3
135,200,3
448,184,1
189,181,3
180,196,3
339,197,2
376,199,2
458,198,1
122,200,4
537,185,1
180,202,5
206,199,5
144,209,5
310,203,4
289,203,5
352,201,4
371,203,4
243,187,5
177,206,6
177,210,6
177,192,6
492,182,3
135,208,6
307,202,5
350,199,5
369,202,5
564,186,1
564,182,1
564,190,1
564,193,1
564,197,1
564,201,1
564,209,1
564,205,1
617,203,1
619,210,1
677,197,1
717,196,1
467,203,5
697,197,1
710,197,1
723,207,1
769,199,1
821,196,1
788,199,1
831,195,1
842,196,1
858,196,1
717,197,2
686,202,3
778,200,2
891,198,1
873,195,1
729,198,2
789,200,2
830,196,2
697,199,3
716,198,3
929,199,1
915,206,1
621,205,4
943,198,1
957,199,1
600,210,5
891,199,2
729,199,3
746,200,3
883,200,2
846,198,3
763,200,3
860,198,3
872,196,2
770,201,3
804,200,3
788,201,3
619,204,5
693,202,5
891,200,3
878,200,3
822,202,5
853,201,5
850,202,5
729,202,5
927,210,3
908,201,3
960,202,3
788,204,5
17,237,1
35,237,1
59,225,1
26,238,1
78,237,1
12,226,1
48,240,1
64,237,1
49,231,1
23,228,1
68,237,1
44,231,1
38,216,1
44,223,1
33,227,1
78,212,1
83,212,1
78,227,1
88,212,1
83,231,1
73,231,1
88,231,1
900,203,4
102,221,1
107,237,1
92,219,1
93,212,1
107,212,1
97,231,1
97,212,1
116,231,1
112,212,1
116,212,1
102,212,1
145,230,1
127,236,1
122,212,1
126,212,1
136,235,1
131,212,1
903,202,4
178,232,1
37,216,2
50,224,2
13,226,2
16,238,2
24,238,2
35,238,2
45,223,2
88,230,2
65,236,2
874,202,5
893,203,5
959,203,5
942,205,5
196,218,1
186,235,1
195,235,1
212,226,1
218,230,1
248,233,1
298,226,1
298,234,1
137,230,2
149,237,2
146,229,2
323,214,1
328,214,1
137,212,2
310,216,1
927,205,5
179,231,2
18,239,3
23,239,3
187,234,2
202,234,2
230,230,2
269,224,2
278,237,2
148,230,3
148,222,3
310,217,2
35,222,4
17,217,4
333,214,1
342,214,1
383,221,1
375,218,1
376,237,1
368,224,1
309,227,3
72,225,5
31,215,5
183,229,4
209,216,4
282,222,4
253,227,4
9,225,6
308,225,4
371,213,3
372,234,3
177,214,6
143,225,6
279,218,5
447,214,1
478,223,1
455,224,1
456,239,1
536,213,1
536,224,1
564,213,1
563,225,1
563,236,1
563,232,1
563,240,1
563,228,1
597,217,1
456,238,2
466,224,2
480,223,2
607,227,1
620,218,1
602,217,1
602,228,1
687,223,1
690,215,1
685,234,1
676,224,1
746,213,1
739,217,1
724,234,1
713,220,1
691,223,1
706,224,1
699,224,1
718,224,1
723,240,1
452,225,3
621,218,2
606,211,2
563,211,3
686,235,2
676,223,2
691,213,2
703,213,2
728,215,2
706,223,2
699,223,2
718,223,2
787,223,1
783,235,1
817,217,1
462,238,4
466,228,4
688,236,3
721,236,3
692,221,3
717,221,3
601,213,4
694,219,4
454,240,6
843,222,1
853,222,1
865,218,1
843,236,1
849,236,1
924,212,1
898,221,1
874,233,1
952,238,1
898,215,1
832,214,4
816,213,4
610,231,6
7,248,1
26,250,1
29,270,1
715,239,5
73,247,1
70,244,1
35,251,1
44,251,1
81,253,1
85,253,1
90,253,1
44,258,1
925,212,2
107,245,1
897,214,2
111,245,1
103,269,1
116,245,1
104,258,1
30,270,2
71,246,2
49,241,2
34,250,2
121,268,1
121,266,1
121,245,1
121,258,1
178,247,1
198,256,1
187,247,1
194,260,1
212,244,1
212,250,1
270,245,1
270,251,1
286,253,1
293,253,1
46,252,3
121,246,2
121,267,2
22,244,4
195,259,2
6,260,4
879,214,4
106,267,3
211,242,2
71,255,4
72,265,4
149,264,3
149,247,3
22,243,5
197,258,3
207,258,3
67,254,5
50,254,5
164,263,4
163,247,4
330,249,1
322,248,1
310,248,1
112,244,5
109,263,5
354,243,1
363,264,1
372,260,1
369,252,1
410,260,1
398,260,1
416,260,1
403,260,1
201,262,5
407,249,1
437,253,1
423,260,1
429,260,1
473,262,1
455,253,1
465,241,1
370,251,2
534,267,1
565,259,1
562,252,1
563,244,1
563,248,1
574,262,1
590,263,1
607,261,1
464,241,2
684,256,1
710,263,1
709,256,1
716,265,1
606,261,2
685,262,2
686,250,2
717,265,2
582,261,3
730,252,1
730,245,1
687,249,3
361,263,6
367,252,6
583,263,4
472,266,6
472,262,6
773,269,1
779,241,1
722,251,2
731,251,2
731,246,2
826,268,1
848,252,1
841,261,1
862,257,1
716,263,4
697,249,4
896,250,1
915,268,1
772,268,2
955,245,1
960,261,1
20,285,1
13,285,1
713,253,5
10,296,1
16,280,1
30,296,1
948,247,1
25,282,1
691,242,5
26,294,1
23,275,1
12,275,1
16,295,1
682,257,6
31,285,1
38,289,1
52,296,1
41,290,1
32,276,1
44,276,1
52,291,1
37,282,1
54,282,1
72,273,1
61,288,1
76,281,1
84,297,1
74,298,1
117,289,1
102,285,1
106,300,1
103,280,1
94,290,1
93,294,1
946,264,2
114,295,1
10,297,2
30,297,2
14,284,2
798,256,4
771,265,4
127,291,1
83,297,2
53,282,2
52,294,2
847,256,4
728,246,6
728,251,6
162,290,1
178,290,1
172,296,1
166,279,1
30,272,3
947,263,3
116,278,2
957,259,3
30,299,3
15,283,3
149,277,2
82,299,3
51,293,3
208,282,1
194,286,1
205,288,1
194,276,1
208,275,1
185,291,1
6,280,4
118,277,3
149,275,3
64,284,4
223,296,1
207,282,2
239,284,1
238,279,1
223,291,1
195,285,2
194,294,2
207,275,2
195,276,2
279,294,1
278,289,1
295,284,1
287,283,1
288,295,1
278,283,1
296,287,1
310,290,1
315,278,1
304,287,1
320,297,1
330,289,1
317,288,1
325,272,1
322,285,1
348,291,1
355,291,1
334,284,1
365,295,1
163,277,4
196,285,3
15,279,6
150,272,5
322,284,2
354,291,2
345,288,2
403,282,1
410,285,1
205,276,4
449,296,1
452,296,1
469,296,1
442,275,1
462,296,1
430,287,1
473,276,1
455,275,1
438,298,1
461,275,1
133,300,6
279,284,3
309,279,3
403,291,2
516,288,1
200,273,5
532,299,1
521,299,1
439,298,2
543,285,1
564,297,1
569,283,1
597,274,1
577,288,1
590,272,1
318,283,4
404,293,3
191,294,6
480,286,3
236,279,6
284,287,5
568,282,2
577,287,2
626,292,1
603,284,1
626,299,1
671,298,1
667,291,1
683,285,1
683,295,1
302,286,6
567,280,3
740,271,1
763,281,1
684,276,2
446,296,6
471,276,6
837,283,1
732,290,2
743,292,2
685,293,3
849,285,1
868,293,1
841,289,1
861,277,1
867,277,1
850,276,1
569,275,5
872,300,1
885,289,1
878,294,1
581,283,5
887,296,1
896,296,1
916,298,1
915,273,1
923,276,1
901,297,1
906,297,1
954,278,1
588,272,6
904,287,2
10,310,1
55,303,1
42,303,1
31,314,1
918,286,3
681,295,6
708,290,6
841,300,4
10,311,2
42,302,2
79,318,1
69,302,1
70,313,1
32,313,2
42,313,2
920,284,4
118,303,1
102,323,1
892,290,5
103,301,1
92,305,1
99,308,1
92,320,1
99,316,1
143,304,1
121,315,1
128,304,1
135,316,1
147,329,1
179,311,1
169,323,1
951,276,4
160,330,1
160,320,1
165,312,1
934,279,4
155,305,1
179,320,1
159,305,1
9,314,3
200,315,1
182,303,1
206,324,1
191,312,1
190,326,1
80,328,2
72,311,2
57,310,3
257,303,1
921,279,5
256,313,1
270,308,1
240,325,1
219,326,1
110,307,2
100,307,2
145,320,2
951,272,5
170,322,2
166,303,2
278,324,1
278,320,1
287,311,1
278,303,1
276,317,1
209,303,2
37,311,4
57,329,4
309,309,1
308,327,1
257,327,2
353,320,1
331,302,1
336,302,1
343,302,1
102,304,3
9,314,5
119,306,3
277,323,2
191,328,3
194,304,3
370,324,1
362,316,1
370,316,1
208,305,3
82,325,4
368,310,1
267,308,3
325,327,2
258,324,3
415,308,1
396,304,1
360,303,2
354,321,2
360,308,2
119,322,4
402,318,1
134,307,5
53,304,6
206,329,4
439,308,1
79,305,5
322,325,3
105,307,5
114,309,5
332,304,3
395,307,2
356,322,3
134,317,6
134,305,6
134,310,6
454,307,1
195,305,5
468,330,1
77,327,6
195,329,5
77,317,6
356,323,4
254,330,6
255,308,6
255,313,6
255,304,6
266,301,6
255,321,6
309,312,5
386,304,4
530,326,1
551,328,1
467,308,2
552,321,1
401,305,4
592,327,1
588,314,1
589,306,1
587,326,1
592,314,1
592,306,1
581,320,1
581,308,1
581,316,1
581,312,1
598,316,1
599,301,1
588,321,1
629,306,1
347,329,5
307,328,6
307,309,6
640,303,1
648,305,1
522,327,2
679,307,1
688,307,1
668,324,1
682,316,1
673,316,1
665,313,1
708,315,1
692,307,1
697,303,1
691,312,1
697,328,1
705,328,1
552,322,2
698,317,1
714,329,1
706,309,1
552,327,2
590,328,2
590,313,2
621,306,2
738,301,1
745,301,1
655,311,2
722,329,1
649,306,2
394,304,6
673,315,2
669,325,2
713,320,2
697,327,2
552,326,3
752,320,1
758,320,1
751,327,1
698,318,2
757,327,1
752,314,1
771,314,1
758,314,1
777,314,1
765,314,1
783,314,1
796,314,1
802,314,1
790,314,1
808,314,1
590,311,3
606,301,3
746,302,2
723,328,2
650,307,3
525,321,4
836,302,1
669,330,3
827,314,1
814,314,1
833,314,1
821,314,1
839,314,1
844,303,1
857,314,1
845,314,1
763,322,2
863,314,1
755,303,2
851,314,1
869,314,1
615,305,4
524,323,5
698,325,4
837,302,2
825,302,2
844,302,2
723,325,4
883,307,1
889,308,1
874,314,1
883,313,1
873,326,1
886,326,1
893,326,1
879,326,1
880,301,1
900,326,1
672,328,5
923,303,1
907,326,1
924,326,1
913,326,1
585,326,6
624,301,6
638,303,6
839,301,3
941,327,1
954,327,1
935,313,1
947,326,1
934,326,1
960,326,1
27,331,1
874,313,2
895,307,2
884,308,2
902,307,2
48,341,1
105,331,1
47,344,1
38,344,1
115,344,1
115,338,1
48,350,1
94,350,1
73,341,1
38,350,1
114,350,1
78,335,1
73,335,1
55,334,1
64,334,1
77,350,1
69,350,1
123,338,1
145,334,1
145,345,1
144,353,1
18,348,2
123,344,1
8,351,2
133,355,1
884,310,3
145,339,1
150,339,1
153,345,1
160,345,1
153,350,1
153,334,1
170,350,1
160,340,1
157,360,1
161,351,1
153,339,1
160,335,1
178,351,1
207,331,1
189,334,1
200,338,1
195,339,1
190,351,1
207,345,1
191,344,1
40,332,2
47,343,2
39,343,2
47,351,2
934,325,3
218,350,1
239,335,1
223,341,1
239,341,1
223,336,1
248,349,1
255,354,1
257,345,1
248,342,1
265,338,1
248,331,1
264,355,1
9,350,3
179,350,2
190,352,2
210,345,2
149,343,3
271,349,1
276,349,1
278,345,1
281,333,1
291,332,1
291,336,1
219,350,2
237,350,2
330,337,1
307,346,1
328,348,1
11,349,4
249,334,2
256,347,2
45,349,4
209,345,3
290,335,2
323,337,2
271,348,2
309,334,2
284,344,2
172,348,4
229,351,3
299,336,2
330,336,2
194,335,4
348,344,1
346,335,1
353,344,1
369,334,1
362,345,1
371,348,1
329,336,3
252,347,4
171,343,5
405,344,1
398,345,1
419,345,1
346,334,2
351,344,2
363,345,2
425,345,1
437,344,1
445,360,1
459,360,1
467,332,1
465,360,1
475,342,1
496,349,1
506,349,1
500,358,1
275,347,4
481,343,1
281,342,4
499,343,1
488,343,1
504,343,1
253,340,5
494,343,1
326,335,4
168,350,6
158,351,6
528,333,1
511,332,1
511,343,1
547,341,1
553,341,1
469,340,2
451,344,2
452,359,2
268,342,6
246,331,6
571,355,1
261,343,6
577,337,1
581,359,1
489,343,2
602,342,1
607,342,1
601,334,1
627,334,1
608,357,1
627,340,1
629,356,1
345,332,4
522,341,2
368,344,4
633,345,1
647,340,1
645,345,1
634,340,1
660,342,1
648,356,1
651,347,1
653,340,1
656,356,1
640,340,1
634,334,1
640,334,1
654,334,1
296,336,6
316,336,6
307,332,6
661,334,1
667,333,1
672,333,1
592,356,2
597,357,2
687,346,1
582,358,2
630,357,2
522,331,3
537,351,3
655,356,2
719,349,1
691,343,1
692,354,1
699,335,1
697,347,1
704,347,1
749,352,1
723,339,1
723,347,1
742,351,1
728,351,1
689,334,2
581,358,3
579,331,3
668,332,2
574,357,3
679,342,2
667,347,2
524,331,4
631,359,3
722,348,2
757,353,1
779,345,1
751,333,1
757,333,1
757,343,1
764,343,1
751,339,1
782,355,1
790,355,1
788,344,1
799,345,1
810,345,1
688,333,3
462,360,6
818,346,1
538,353,5
870,345,1
851,355,1
580,360,5
771,353,2
759,342,2
764,353,2
763,342,2
877,345,1
890,345,1
897,345,1
882,355,1
884,345,1
687,331,4
923,333,1
917,345,1
923,345,1
904,346,1
910,345,1
927,351,1
519,340,6
947,333,1
933,345,1
946,346,1
947,339,1
934,333,1
952,346,1
934,339,1
953,333,1
940,346,1
953,339,1
941,333,1
959,346,1
959,339,1
959,333,1
939,352,1
940,340,1
770,353,3
882,356,2
812,355,3
837,356,3
30,382,1
658,342,6
6,381,1
23,369,1
15,381,1
60,368,1
31,375,1
60,381,1
47,375,1
947,356,2
953,354,2
83,374,1
63,375,1
82,369,1
90,369,1
119,368,1
22,369,2
111,369,1
119,374,1
30,374,2
15,382,2
119,381,1
52,370,2
948,356,3
951,355,3
63,374,2
138,375,1
141,369,1
148,369,1
139,381,1
811,358,5
837,358,5
155,375,1
173,375,1
797,345,6
169,381,1
14,370,3
110,369,2
120,369,2
37,370,3
51,370,3
68,370,3
79,369,3
139,382,2
131,369,2
816,346,6
207,370,2
234,373,1
235,368,1
223,381,1
953,358,5
256,368,1
264,368,1
93,370,3
263,373,1
107,370,3
130,370,3
305,374,1
321,374,1
304,380,1
161,370,3
180,370,3
195,370,3
209,370,3
240,369,2
341,369,1
349,373,1
377,370,1
353,374,1
370,369,1
364,373,1
265,369,2
294,369,2
283,369,2
311,370,2
327,370,2
397,370,1
405,370,1
224,370,3
240,370,3
378,370,2
350,372,2
369,370,2
341,370,2
358,370,2
253,370,3
88,369,6
281,370,3
295,370,3
424,370,1
433,370,1
435,378,1
477,363,1
449,378,1
427,361,1
480,376,1
475,374,1
453,369,1
406,370,2
146,370,6
204,370,6
492,376,1
175,369,6
434,370,2
511,382,1
515,384,1
458,377,2
480,377,2
548,364,1
563,368,1
558,361,1
502,378,2
490,371,2
492,375,2
597,366,1
577,367,1
582,371,1
589,377,1
579,377,1
617,372,1
262,369,6
233,368,6
524,390,2
515,385,2
290,369,6
596,367,2
505,380,3
491,373,3
616,371,2
607,368,2
347,372,6
375,370,6
648,379,1
647,365,1
669,376,1
403,370,6
746,371,1
595,367,3
616,370,3
776,367,1
480,371,6
487,372,5
515,390,5
868,378,1
892,378,1
498,377,6
615,367,5
580,371,6
921,372,1
905,379,1
955,382,1
631,363,5
717,376,5
693,375,5
749,376,5
955,383,2
960,384,5
561,410,1
569,402,1
557,393,1
564,400,1
558,407,1
582,405,1
574,417,1
574,408,1
596,411,1
610,418,1
603,414,1
562,411,2
523,391,3
568,416,3
522,393,4
586,425,1
625,428,1
617,422,1
621,437,1
635,423,1
659,435,1
650,448,1
650,440,1
651,433,1
640,438,1
634,434,1
659,446,1
667,435,1
680,434,1
681,446,1
672,434,1
587,426,2
592,430,2
692,433,1
699,446,1
689,447,2
682,433,2
660,434,2
577,422,3
662,433,3
668,449,3
688,449,3
589,433,4
647,449,4
685,431,4
583,430,5
136,469,1
156,470,1
149,469,1
161,470,1
126,470,1
156,480,1
151,457,4
532,471,1
624,475,1
605,463,1
622,463,1
612,463,1
624,456,1
611,477,1
615,456,1
642,466,1
658,475,1
640,457,1
632,456,1
659,469,1
635,464,1
660,464,1
597,457,1
678,453,1
664,453,1
681,476,1
625,455,2
614,455,2
606,478,2
612,465,2
631,455,2
658,454,2
597,470,2
641,456,2
634,465,2
660,465,2
694,475,1
707,467,1
700,466,1
712,467,1
692,458,1
715,474,1
723,474,1
704,453,1
737,472,1
716,464,1
703,480,1
743,467,1
688,478,2
679,453,2
663,477,2
680,477,2
613,453,3
627,454,3
612,466,3
626,465,3
627,477,3
595,470,3
642,477,3
632,466,3
716,466,2
738,474,2
743,466,2
746,477,2
666,477,3
612,452,4
594,472,4
746,478,3
666,451,4
684,452,4
745,479,4
601,476,6
621,456,6
681,480,5
739,479,5
